N	Z	Atomic	Ma	
1	0	1	008664	9157
0	1	1	007825	03207
1	1	2	014101	7778
2	1	3	016049	2777
1	2	3	016029	3191
0	3	3	030780#	
3	1	4	027810	
2	2	4	002603	25415
1	3	4	027190	
4	1	5	035310	
3	2	5	012220	
2	3	5	012540	
1	4	5	040790#	
5	1	6	044940	
4	2	6	018889	1
3	3	6	015122	795
2	4	6	019726	
1	5	6	046810#	
6	1	7	052750#	
5	2	7	028021	
4	3	7	016004	55
3	4	7	016929	83
2	5	7	029920	
6	2	8	033922	
5	3	8	022487	36
4	4	8	005305	10
3	5	8	024607	2
2	6	8	037675	
7	2	9	043950	
6	3	9	026789	5
5	4	9	012182	2
4	5	9	013328	8
3	6	9	031036	7
8	2	10	052400	
7	3	10	035481	
6	4	10	013533	8
5	5	10	012937	0
4	6	10	016853	2
3	7	10	041650	
8	3	11	043798	
7	4	11	021658	
6	5	11	009305	4
5	6	11	011433	6
4	7	11	026090	
9	3	12	053780#	
8	4	12	026921	
7	5	12	014352	1
6	6	12	000000	0
5	7	12	018613	2
4	8	12	034405	
9	4	13	035690	
8	5	13	017780	2
7	6	13	003354	8378
6	7	13	005738	61
5	8	13	024812	
10	4	14	042890	
9	5	14	025404	
8	6	14	003241	989
7	7	14	003074	0048
6	8	14	008596	25
5	9	14	035060#	
11	4	15	053460#	
10	5	15	031103	
9	6	15	010599	3
8	7	15	000108	8982
7	8	15	003065	6
6	9	15	018010	
12	4	16	061920#	
11	5	16	039810	
10	6	16	014701	
9	7	16	006101	7
8	8	15	994914	61956
7	9	16	011466	
6	10	16	025761	
12	5	17	046990	
11	6	17	022586	
10	7	17	008450	
9	8	16	999131	70
8	9	17	002095	24
7	10	17	017672	
13	5	18	056170#	
12	6	18	026760	
11	7	18	014079	
10	8	17	999161	0
9	9	18	000938	0
8	10	18	005708	2
7	11	18	025970	
14	5	19	063730#	
13	6	19	034810	
12	7	19	017029	
11	8	19	003580	
10	9	18	998403	22
9	10	19	001880	2
8	11	19	013877	
7	12	19	035470	
14	6	20	040320	
13	7	20	023370	
12	8	20	004076	7
11	9	19	999981	32
10	10	19	992440	1754
9	11	20	007351	
8	12	20	018863	
15	6	21	049340#	
14	7	21	027110	
13	8	21	008656	
12	9	20	999949	0
11	10	20	993846	68
10	11	20	997655	2
9	12	21	011713	
8	13	21	028040#	
16	6	22	057200#	
15	7	22	034390	
14	8	22	009970	
13	9	22	002999	
12	10	21	991385	114
11	11	21	994436	4
10	12	21	999573	8
9	13	22	019520#	
8	14	22	034530#	
16	7	23	041220#	
15	8	23	015690	
14	9	23	003570	
13	10	22	994466	90
12	11	22	989769	2809
11	12	22	994123	7
10	13	23	007267	
9	14	23	025520#	
17	7	24	051040#	
16	8	24	020470	
15	9	24	008120	
14	10	23	993610	8
13	11	23	990962	78
12	12	23	985041	700
11	13	23	999938	9
10	14	24	011546	
9	15	24	034350#	
18	7	25	060660#	
17	8	25	029460#	
16	9	25	012100	
15	10	24	997737	
14	11	24	989954	0
13	12	24	985836	92
12	13	24	990428	1
11	14	25	004106	
10	15	25	020260#	
18	8	26	038340#	
17	9	26	019620	
16	10	26	000461	
15	11	25	992633	
14	12	25	982592	929
13	13	25	986891	69
12	14	25	992330	
11	15	26	011780#	
10	16	26	027880#	
19	8	27	048260#	
18	9	27	026760	
17	10	27	007590	
16	11	26	994077	
15	12	26	984340	59
14	13	26	981538	63
13	14	26	986704	91
12	15	26	999230	
11	16	27	018830#	
20	8	28	057810#	
19	9	28	035670#	
18	10	28	012070	
17	11	27	998938	
16	12	27	983876	8
15	13	27	981910	31
14	14	27	976926	5325
13	15	27	992315	
12	16	28	004370	
11	17	28	028510#	
20	9	29	043260#	
19	10	29	019390	
18	11	29	002861	
17	12	28	988600	
16	13	28	980445	0
15	14	28	976494	700
14	15	28	981800	6
13	16	28	996610	
12	17	29	014110#	
21	9	30	052500#	
20	10	30	024800	
19	11	30	008976	
18	12	29	990434	
17	13	29	982960	
16	14	29	973770	17
15	15	29	978313	8
14	16	29	984903	
13	17	30	004770#	
12	18	30	021560#	
22	9	31	060430#	
21	10	31	033110#	
20	11	31	013590	
19	12	30	996546	
18	13	30	983947	
17	14	30	975363	23
16	15	30	973761	63
15	16	30	979554	7
14	17	30	992410	
13	18	31	012120#	
22	10	32	040020#	
21	11	32	020470	
20	12	31	998975	
19	13	31	988120	
18	14	31	974148	08
17	15	31	973907	27
16	16	31	972071	00
15	17	31	985690	
14	18	31	997638	0
13	19	32	021920#	
23	10	33	049380#	
22	11	33	026720	
21	12	33	005254	
20	13	32	990840	
19	14	32	978000	
18	15	32	971725	5
17	16	32	971458	76
16	17	32	977451	9
15	18	32	989925	7
14	19	33	007260#	
24	10	34	057030#	
23	11	34	035170#	
22	12	34	009460	
21	13	33	996850	
20	14	33	978576	
19	15	33	973636	
18	16	33	967866	90
17	17	33	973762	82
16	18	33	980271	2
15	19	33	998410#	
14	20	34	014120#	
24	11	35	042490#	
23	12	35	017340#	
22	13	34	999860	
21	14	34	984580	
20	15	34	973314	1
19	16	34	969032	16
18	17	34	968852	68
17	18	34	975257	6
16	19	34	988010	
15	20	35	004940#	
25	11	36	051480#	
24	12	36	023000#	
23	13	36	006210	
22	14	35	986600	
21	15	35	978260	
20	16	35	967080	76
19	17	35	968306	98
18	18	35	967545	106
17	19	35	981292	
16	20	35	993090	
15	21	36	014920#	
26	11	37	059340#	
25	12	37	031400#	
24	13	37	010680	
23	14	36	992940	
22	15	36	979610	
21	16	36	971125	57
20	17	36	965902	59
19	18	36	966776	32
18	19	36	973375	89
17	20	36	985870	
16	21	37	003050#	
26	12	38	037570#	
25	13	38	017230	
24	14	37	995630	
23	15	37	984160	
22	16	37	971163	
21	17	37	968010	43
20	18	37	962732	4
19	19	37	969081	2
18	20	37	976318	
17	21	37	994700#	
16	22	38	009770#	
27	12	39	046770#	
26	13	39	022970	
25	14	39	002070	
24	15	38	986180	
23	16	38	975130	
22	17	38	968008	2
21	18	38	964313	
20	19	38	963706	68
19	20	38	970719	7
18	21	38	984790	
17	22	39	001610#	
28	12	40	053930#	
27	13	40	031450#	
26	14	40	005870	
25	15	39	991300	
24	16	39	975450	
23	17	39	970420	
22	18	39	962383	1225
21	19	39	963998	48
20	20	39	962590	98
19	21	39	977967	
18	22	39	990500	
17	23	40	011090#	
28	13	41	038330#	
27	14	41	014560	
26	15	40	994340	
25	16	40	979580	
24	17	40	970680	
23	18	40	964500	6
22	19	40	961825	76
21	20	40	962278	06
20	21	40	969251	13
19	22	40	983150#	
18	23	40	999780#	
29	13	42	046890#	
28	14	42	019790#	
27	15	42	001010	
26	16	41	981020	
25	17	41	973250	
24	18	41	963046	
23	19	41	962402	81
22	20	41	958618	01
21	21	41	965516	43
20	22	41	973031	
19	23	41	991230#	
18	24	42	006430#	
29	14	43	028660#	
28	15	43	006190	
27	16	42	987150	
26	17	42	974050	
25	18	42	965636	
24	19	42	960716	
23	20	42	958766	6
22	21	42	961150	7
21	22	42	968522	
20	23	42	980650#	
19	24	42	997710#	
30	14	44	035260#	
29	15	44	012990#	
28	16	43	990210	
27	17	43	978280	
26	18	43	964924	0
25	19	43	961560	
24	20	43	955481	8
23	21	43	959402	8
22	22	43	959690	1
21	23	43	974110	
20	24	43	985550#	
19	25	44	006870#	
30	15	45	019220#	
29	16	44	996510	
28	17	44	980290	
27	18	44	968040	0
26	19	44	960699	
25	20	44	956186	6
24	21	44	955911	9
23	22	44	958125	6
22	23	44	965776	
21	24	44	979640	
20	25	44	994510#	
19	26	45	014580#	
31	15	46	027380#	
30	16	46	000750#	
29	17	45	984210	
28	18	45	968090	
27	19	45	961977	
26	20	45	953692	6
25	21	45	955171	9
24	22	45	952631	6
23	23	45	960200	5
22	24	45	968359	
21	25	45	986720#	
20	26	46	000810#	
31	16	47	008590#	
30	17	46	988710#	
29	18	46	972190	
28	19	46	961678	
27	20	46	954546	0
26	21	46	952407	5
25	22	46	951763	1
24	23	46	954908	9
23	24	46	962900	
22	25	46	976100#	
21	26	46	992890#	
20	27	47	011490#	
32	16	48	014170#	
31	17	47	994950#	
30	18	47	974540#	
29	19	47	965514	
28	20	47	952534	
27	21	47	952231	
26	22	47	947946	3
25	23	47	952253	7
24	24	47	954032	
23	25	47	968520	
22	26	47	980500#	
21	27	48	001760#	
20	28	48	019750#	
33	16	49	023620#	
32	17	49	000320#	
31	18	48	980520#	
30	19	48	967450	
29	20	48	955674	
28	21	48	950024	
27	22	48	947870	0
26	23	48	948516	1
25	24	48	951335	7
24	25	48	959618	
23	26	48	973610#	
22	27	48	989720#	
21	28	49	009660#	
33	17	50	007840#	
32	18	49	984430#	
31	19	49	972780	
30	20	49	957519	
29	21	49	952188	
28	22	49	944791	2
27	23	49	947158	5
26	24	49	946044	2
25	25	49	954238	2
24	26	49	962990	
23	27	49	981540#	
22	28	49	995930#	
34	17	51	014490#	
33	18	50	991630#	
32	19	50	976380#	
31	20	50	961500	
30	21	50	953603	
29	22	50	946615	0
28	23	50	943959	5
27	24	50	944767	4
26	25	50	948210	8
25	26	50	956820	
24	27	50	970720#	
23	28	50	987720#	
34	18	51	996780#	
33	19	51	982610#	
32	20	51	965100	
31	21	51	956680	
30	22	51	946897	
29	23	51	944775	5
28	24	51	940507	5
27	25	51	945565	5
26	26	51	948114	
25	27	51	963590#	
24	28	51	975680#	
23	29	51	997180#	
35	18	53	004940#	
34	19	52	987120#	
33	20	52	970050#	
32	21	52	959610#	
31	22	52	949730	
30	23	52	944338	
29	24	52	940649	4
28	25	52	941290	1
27	26	52	945307	9
26	27	52	954219	
25	28	52	968470#	
24	29	52	985550#	
35	19	53	994200#	
34	20	53	974350#	
33	21	53	963260	
32	22	53	951050	
31	23	53	946440	
30	24	53	938880	4
29	25	53	940358	9
28	26	53	939610	5
27	27	53	948459	6
26	28	53	957910	
25	29	53	976710#	
24	30	53	992950#	
36	19	54	999710#	
35	20	54	980550#	
34	21	54	968240	
33	22	54	955270	
32	23	54	947230	
31	24	54	940839	7
30	25	54	938045	1
29	26	54	938293	4
28	27	54	941999	0
27	28	54	951330	
26	29	54	966050#	
25	30	54	983980#	
36	20	55	985570#	
35	21	55	972870#	
34	22	55	958200	
33	23	55	950530	
32	24	55	940653	1
31	25	55	938904	9
30	26	55	934937	5
29	27	55	939839	3
28	28	55	942132	
27	29	55	958560#	
26	30	55	972380#	
25	31	55	994910#	
37	20	56	992360#	
36	21	56	977790#	
35	22	56	963990	
34	23	56	952560	
33	24	56	943613	0
32	25	56	938285	4
31	26	56	935394	0
30	27	56	936291	4
29	28	56	939793	5
28	29	56	949211	
27	30	56	964790#	
26	31	56	982930#	
37	21	57	983710#	
36	22	57	966970#	
35	23	57	956830	
34	24	57	944350	
33	25	57	939980	
32	26	57	933275	6
31	27	57	935752	8
30	28	57	935342	9
29	29	57	944538	5
28	30	57	954590	
27	31	57	974250#	
26	32	57	991010#	
38	21	58	989220#	
37	22	58	972930#	
36	23	58	960210	
35	24	58	948590	
34	25	58	940440	
33	26	58	934875	5
32	27	58	933195	0
31	28	58	934346	7
30	29	58	939498	0
29	30	58	949260	
28	31	58	963370#	
27	32	58	981750#	
39	21	59	995710#	
38	22	59	976760#	
37	23	59	965030	
36	24	59	950080	
35	25	59	942910	
34	26	59	934072	
33	27	59	933817	1
32	28	59	930786	4
31	29	59	937365	0
30	30	59	941827	
29	31	59	957060#	
28	32	59	970190#	
27	33	59	993130#	
39	22	60	983200#	
38	23	60	968480#	
37	24	60	954720	
36	25	60	944650	
35	26	60	936745	
34	27	60	932475	8
33	28	60	931056	0
32	29	60	933457	8
31	30	60	939511	
30	31	60	949450	
29	32	60	963790#	
28	33	60	980620#	
40	22	61	987490#	
39	23	61	973780#	
38	24	61	956610	
37	25	61	948430	
36	26	61	936767	
35	27	61	934051	
34	28	61	928345	1
33	29	61	932584	
32	30	61	934330	
31	31	61	944175	
30	32	61	954650#	
29	33	61	973200#	
41	22	62	994420#	
40	23	62	977550#	
39	24	62	961860#	
38	25	62	950240	
37	26	62	940370	
36	27	62	933612	
35	28	62	929669	4
34	29	62	929597	5
33	30	62	933211	6
32	31	62	939294	2
31	32	62	949640#	
30	33	62	963690#	
41	23	63	983470#	
40	24	63	964410#	
39	25	63	954250	
38	26	63	941200	
37	27	63	935810	
36	28	63	927966	0
35	29	63	929764	2
34	30	63	929142	2
33	31	63	936838	7
32	32	63	941650	
31	33	63	957570#	
42	23	64	987920#	
41	24	64	970160#	
40	25	64	956340	
39	26	64	945380	
38	27	64	936478	
37	28	64	930084	3
36	29	64	927789	5
35	30	64	929241	0
34	31	64	932734	8
33	32	64	939440	
32	33	64	949560#	
31	34	64	964660#	
42	24	65	973380#	
41	25	65	961080#	
40	26	65	946780	
39	27	65	939760	
38	28	65	929139	3
37	29	65	928868	8
36	30	65	926033	4
35	31	65	931589	
34	32	65	933840	
33	33	65	944710	
32	34	65	955210#	
43	24	66	979550#	
42	25	66	964140#	
41	26	66	950950	
40	27	66	940890	
39	28	66	931569	
38	29	66	927730	3
37	30	66	927127	3
36	31	66	928201	7
35	32	66	932734	
34	33	66	939190	
33	34	66	950090#	
32	35	66	964790#	
43	25	67	969300#	
42	26	67	953700	
41	27	67	944870	
40	28	67	931869	
39	29	67	929610	9
38	30	67	924844	2
37	31	67	927980	1
36	32	67	928094	
35	33	67	936770	
34	34	67	941800	
33	35	67	958520#	
44	25	68	972840#	
43	26	68	958780#	
42	27	68	946320	
41	28	68	935610	
40	29	68	929429	3
39	30	68	926550	3
38	31	68	925573	6
37	32	68	927964	5
36	33	68	932270	
35	34	68	939560	
34	35	68	950110#	
33	36	68	965180#	
44	26	69	961460#	
43	27	69	951000	
42	28	69	936500	
41	29	69	932392	3
40	30	69	925319	3
39	31	69	926022	0
38	32	69	924247	4
37	33	69	930920	
36	34	69	933390	
35	35	69	944790#	
34	36	69	955260#	
45	26	70	966720#	
44	27	70	952900	
43	28	70	940740	
42	29	70	932676	8
41	30	70	927722	
40	31	70	924701	3
39	32	70	924951	0
38	33	70	927112	
37	34	70	932240	
36	35	70	938740	
35	36	70	949630	
34	37	70	965320#	
46	26	71	969620#	
45	27	71	957810#	
44	28	71	942090	
43	29	71	935820	3
42	30	71	926858	
41	31	71	926366	3
40	32	71	922075	8
39	33	71	926752	
38	34	71	927112	
37	35	71	936640	
36	36	71	942092	
35	37	71	959080#	
46	27	72	960240#	
45	28	72	946470#	
44	29	72	936675	
43	30	72	929780	
42	31	72	925174	7
41	32	72	923458	9
40	33	72	923825	
39	34	72	926765	
38	35	72	931690	
37	36	72	939289	
36	37	72	950560#	
35	38	72	965970#	
47	27	73	965380#	
46	28	73	948070#	
45	29	73	939875	
44	30	73	929460	
43	31	73	926946	
42	32	73	921177	8
41	33	73	923928	7
40	34	73	922476	4
39	35	73	929891	
38	36	73	933084	4
37	37	73	944265	
36	38	73	956310#	
48	27	74	968330#	
47	28	74	952870#	
46	29	74	941900	
45	30	74	932940	
44	31	74	926500	2
43	32	74	922858	9
42	33	74	921596	5
41	34	74	922523	4
40	35	74	925776	
39	36	74	930946	
38	37	74	938570	
37	38	74	949950	
48	28	75	955330#	
47	29	75	945275	
46	30	75	933290	
45	31	75	928827	6
44	32	75	921402	6
43	33	75	922394	0
42	34	75	919213	6
41	35	75	924541	
40	36	75	925910	
39	37	75	935072	2
38	38	75	941770	
37	39	75	958450#	
49	28	76	960550#	
48	29	76	947850#	
47	30	76	936960	
46	31	76	929154	3
45	32	76	923548	6
44	33	76	920647	3
43	34	76	919914	0
42	35	76	921379	
41	36	76	924670	0
40	37	76	930408	
39	38	76	937945	
38	39	76	949650#	
50	28	77	963180#	
49	29	77	951960#	
48	30	77	938440	
47	31	77	931608	2
46	32	77	922853	
45	33	77	921827	
44	34	77	917309	1
43	35	77	921146	
42	36	77	920364	8
41	37	77	928141	
40	38	77	932180	
39	39	77	943610#	
38	40	77	955230#	
50	29	78	954560#	
49	30	78	942650#	
48	31	78	932890	
47	32	78	925400	
46	33	78	920948	
45	34	78	918499	1
44	35	78	918337	1
43	36	78	920082	
42	37	78	923989	
41	38	78	929708	
40	39	78	937350	
39	40	78	949160#	
51	29	79	960870#	
50	30	79	944340	
49	31	79	936520	
48	32	79	925370	
47	33	79	922534	
46	34	79	916521	3
45	35	79	918529	3
44	36	79	916379	0
43	37	79	922519	
42	38	79	924521	
41	39	79	934280	
40	40	79	940400	
51	30	80	950480#	
50	31	80	937750	
49	32	80	928820	
48	33	80	922132	
47	34	80	917992	5
46	35	80	916290	6
45	36	80	916592	0
44	37	80	918996	
43	38	80	923212	
42	39	80	929130	
41	40	80	937210	
40	41	80	949030#	
52	30	81	954420#	
51	31	81	942990#	
50	32	81	929550	
49	33	81	924500	
48	34	81	916699	4
47	35	81	916804	1
46	36	81	913483	6
45	37	81	918208	6
44	38	81	918402	
43	39	81	926790	
42	40	81	931090#	
41	41	81	943130#	
53	30	82	961030#	
52	31	82	946980#	
51	32	82	934620#	
50	33	82	924980	
49	34	82	919118	
48	35	82	915180	
47	36	82	914136	
46	37	82	915110	
45	38	82	917557	
44	39	82	922350	
43	40	82	928650	
42	41	82	936710	
41	42	82	948740#	
53	31	83	952650#	
52	32	83	937470#	
51	33	83	929060#	
50	34	83	918462	
49	35	83	916479	
48	36	83	911507	
47	37	83	914385	
46	38	83	913425	
45	39	83	920390	
44	40	83	923250#	
43	41	83	933570#	
42	42	83	940090#	
54	31	84	957000#	
53	32	84	943030#	
52	33	84	932020#	
51	34	84	922250	
50	35	84	915608	
49	36	84	912527	3
48	37	84	911789	738
47	38	84	912933	
46	39	84	916433	
45	40	84	921470	
44	41	84	927910	
43	42	84	936550#	
42	43	84	948830#	
55	31	85	963120#	
54	32	85	946490#	
53	33	85	936500#	
52	34	85	924272	
51	35	85	918798	
50	36	85	910610	73
49	37	85	911167	42
48	38	85	909260	2
47	39	85	914886	
46	40	85	916470	
45	41	85	925040	
44	42	85	930700	
43	43	85	942880#	
55	32	86	952510#	
54	33	86	939900#	
53	34	86	928520	
52	35	86	920711	
51	36	86	913354	86
50	37	86	909180	527
49	38	86	908877	1
48	39	86	910875	7
47	40	86	914816	
46	41	86	920360	
45	42	86	927330	
44	43	86	936530#	
43	44	86	949180#	
56	32	87	956910#	
55	33	87	944940#	
54	34	87	931420	
53	35	87	924070	
52	36	87	914447	
51	37	87	911315	59
50	38	87	905612	1
49	39	87	909501	1
48	40	87	910227	
47	41	87	918330	
46	42	87	921953	
45	43	87	932680#	
44	44	87	940260#	
57	32	88	963830#	
56	33	88	949390#	
55	34	88	936450#	
54	35	88	926390	
53	36	88	917630	
52	37	88	912278	
51	38	88	907450	7
50	39	88	905848	3
49	40	88	908890	
48	41	88	913418	
47	42	88	919480	
46	43	88	927170#	
45	44	88	936110#	
44	45	88	948840#	
57	33	89	955500#	
56	34	89	939960#	
55	35	89	930630	
54	36	89	919517	
53	37	89	914802	
52	38	89	907738	
51	39	89	907151	9
50	40	89	904704	4
49	41	89	911265	
48	42	89	913937	
47	43	89	923560	
46	44	89	929890#	
45	45	89	942870#	
58	33	90	960430#	
57	34	90	945960#	
56	35	90	933970	
55	36	90	923450	
54	37	90	916537	
53	38	90	910203	
52	39	90	907305	
51	40	90	905645	8
50	41	90	906996	
49	42	90	911750	
48	43	90	918430	
47	44	90	926290#	
46	45	90	936550#	
45	46	90	949110#	
59	33	91	966800#	
58	34	91	949920#	
57	35	91	939260	
56	36	91	926156	
55	37	91	919729	
54	38	91	911038	
53	39	91	908949	
52	40	91	905040	8
51	41	91	907194	
50	42	91	906811	
49	43	91	915260	
48	44	91	920120#	
47	45	91	931980#	
46	46	91	940420#	
59	34	92	956290#	
58	35	92	943050#	
57	36	92	931270	
56	37	92	922042	
55	38	92	914026	
54	39	92	909583	
53	40	92	906476	0
52	41	92	906378	1
51	42	92	906813	
50	43	92	910249	
49	44	92	917050	
48	45	92	925740#	
47	46	92	935910#	
46	47	92	949780#	
60	34	93	960490#	
59	35	93	948680#	
58	36	93	934360#	
57	37	93	926405	
56	38	93	915361	
55	39	93	911595	
54	40	93	906315	2
53	41	93	907283	9
52	42	93	905088	3
51	43	93	909657	
50	44	93	911360	
49	45	93	921700#	
48	46	93	928770#	
47	47	93	942780#	
60	35	94	952870#	
59	36	94	939840#	
58	37	94	929303	
57	38	94	919359	
56	39	94	912821	
55	40	94	908042	6
54	41	94	906835	8
53	42	94	905842	1
52	43	94	907657	
51	44	94	910413	
50	45	94	915900	
49	46	94	924690#	
48	47	94	935480#	
47	48	94	949870#	
61	35	95	958530#	
60	36	95	943070#	
59	37	95	934270	
58	38	95	921697	
57	39	95	915891	
56	40	95	908273	4
55	41	95	908101	
54	42	95	904679	5
53	43	95	907871	
52	44	95	907598	
51	45	95	914461	
50	46	95	918160	
49	47	95	930680#	
48	48	95	939770#	
62	35	96	962800#	
61	36	96	948560#	
60	37	96	937350	
59	38	96	926153	
58	39	96	918134	
57	40	96	910953	1
56	41	96	908098	6
55	42	96	906021	5
54	43	96	906365	
53	44	96	907555	
52	45	96	911340	
51	46	96	916480	
50	47	96	923970	
49	48	96	934940#	
48	49	96	949540#	
62	36	97	951910#	
61	37	97	941790	
60	38	97	928453	
59	39	97	922203	
58	40	97	912735	
57	41	97	910328	
56	42	97	905408	2
55	43	97	907216	
54	44	97	905287	
53	45	97	910708	
52	46	97	912721	
51	47	97	921570	
50	48	97	927400	
49	49	97	942140#	
63	36	98	957600#	
62	37	98	945380	
61	38	98	933240	
60	39	98	924636	
59	40	98	916512	
58	41	98	911618	
57	42	98	907711	9
56	43	98	906254	7
55	44	98	905939	3
54	45	98	908132	
53	46	98	911768	
52	47	98	917600	
51	48	98	925010#	
50	49	98	934220#	
49	50	98	949330#	
64	36	99	961140#	
63	37	99	949870#	
62	38	99	935350	
61	39	99	927760	
60	40	99	917760	
59	41	99	914182	
58	42	99	907477	
57	43	99	907657	8
56	44	99	904219	5
55	45	99	908122	
54	46	99	908506	
53	47	99	916100	
52	48	99	920290	
51	49	99	931110	
50	50	99	939040	
64	37	100	953200	
63	38	100	940520	
62	39	100	930310	
61	40	100	921140	
60	41	100	915252	
59	42	100	910347	
58	43	100	907315	
57	44	100	905582	1
56	45	100	906164	
55	46	100	908289	
54	47	100	912800	
53	48	100	918680	
52	49	100	926340#	
51	50	100	936060#	
65	37	101	958870#	
64	38	101	943020	
63	39	101	933560	
62	40	101	922980	
61	41	101	918040	
60	42	101	910297	
59	43	101	909215	
58	44	101	904349	3
57	45	101	906843	
56	46	101	905609	
55	47	101	911690	
54	48	101	914460	
53	49	101	924090	
52	50	101	930300	
65	38	102	948950#	
64	39	102	936730#	
63	40	102	926600	
62	41	102	919140	
61	42	102	913210	
60	43	102	909181	
59	44	102	906323	8
58	45	102	905504	
57	46	102	906087	
56	47	102	908973	
55	48	102	913419	
54	49	102	919914	
53	50	102	928100#	
52	51	102	939690#	
66	38	103	952330#	
65	39	103	941050#	
64	40	103	928780#	
63	41	103	922460	
62	42	103	913760	
61	43	103	911450	
60	44	103	905433	
59	45	103	906656	
58	46	103	904036	
57	47	103	908629	
56	48	103	909849	
55	49	103	918300	
54	50	103	923140	
53	51	103	936470#	
67	38	104	958580#	
66	39	104	944870#	
65	40	104	933050#	
64	41	104	923940	
63	42	104	916970	
62	43	104	911660	
61	44	104	907753	
60	45	104	905694	
59	46	104	905085	
58	47	104	906529	
57	48	104	909468	
56	49	104	914674	
55	50	104	921350	
54	51	104	931490	
53	52	104	943640#	
67	39	105	949790#	
66	40	105	935910#	
65	41	105	927970#	
64	42	105	918137	
63	43	105	914358	
62	44	105	907329	
61	45	105	907287	
60	46	105	903486	
59	47	105	906669	
58	48	105	906459	
57	49	105	913465	
56	50	105	916880	
55	51	105	928790#	
54	52	105	937500	
68	39	106	954140#	
67	40	106	940750#	
66	41	106	930310#	
65	42	106	921690	
64	43	106	915080	
63	44	106	909910	
62	45	106	906748	
61	46	106	905133	
60	47	106	905097	
59	48	106	906618	
58	49	106	910295	
57	50	106	915640	
56	51	106	924150#	
55	52	106	935010#	
69	39	107	959480#	
68	40	107	943960#	
67	41	107	934840#	
66	42	107	923450#	
65	43	107	918460	
64	44	107	910170	
63	45	107	908730	
62	46	107	903892	
61	47	107	905956	
60	48	107	904184	
59	49	107	909698	
58	50	107	911925	
57	51	107	922160#	
56	52	107	929440	
55	53	107	943480#	
69	40	108	949240#	
68	41	108	937630#	
67	42	108	927810#	
66	43	108	919980	
65	44	108	913200	
64	45	108	908737	
63	46	108	905950	
62	47	108	904752	
61	48	108	904982	
60	49	108	907151	
59	50	108	911283	
58	51	108	918132	
57	52	108	927420	
56	53	108	938150	
70	40	109	952870#	
69	41	109	942440#	
68	42	109	929730#	
67	43	109	923820	
66	44	109	914140	
65	45	109	911140	
64	46	109	905153	
63	47	109	906107	
62	48	109	903002	1
61	49	109	907165	
60	50	109	907843	
59	51	109	916750#	
58	52	109	922410	
57	53	109	935240#	
56	54	109	944280	
70	41	110	945650#	
69	42	110	934410#	
68	43	110	925690	
67	44	110	917700	
66	45	110	911590	
65	46	110	907671	
64	47	110	905291	
63	48	110	904178	1
62	49	110	905103	
61	50	110	907734	
60	51	110	913160	
59	52	110	921110	
58	53	110	930280#	
57	54	110	941600#	
71	41	111	950830#	
70	42	111	936840#	
69	43	111	929150	
68	44	111	918970	
67	45	111	914390	
66	46	111	907314	
65	47	111	907005	
64	48	111	902757	8
63	49	111	905532	
62	50	111	904818	
61	51	111	912398	
60	52	111	917010	
59	53	111	927970#	
58	54	111	935620	
57	55	111	950300#	
72	41	112	954700#	
71	42	112	941880#	
70	43	112	931590#	
69	44	112	922490	
68	45	112	915530	
67	46	112	910150	
66	47	112	906567	
65	48	112	904401	7
64	49	112	904058	
63	50	112	905171	
62	51	112	909372	
61	52	112	915890	
60	53	112	923640	
59	54	112	933340	
58	55	112	944490	
72	42	113	944920#	
71	43	113	935880#	
70	44	113	924280#	
69	45	113	918810	
68	46	113	910363	
67	47	113	908804	
66	48	113	903358	5
65	49	113	904914	
64	50	113	902779	
63	51	113	909270	
62	52	113	912090	
61	53	113	921850#	
60	54	113	927980	
59	55	113	941450#	
58	56	113	950680	
73	42	114	950290#	
72	43	114	938690#	
71	44	114	928690	
70	45	114	920330	
69	46	114	913680	
68	47	114	908760	
67	48	114	905431	0
66	49	114	903878	
65	50	114	903342	
64	51	114	906598	
63	52	114	911900	
62	53	114	918050	
61	54	114	926294	
60	55	114	935910#	
59	56	114	947370#	
73	43	115	943370#	
72	44	115	930810#	
71	45	115	924060	
70	46	115	914160	
69	47	115	911360	
68	48	115	904756	
67	49	115	905260	
66	50	115	901741	
65	51	115	906794	
64	52	115	908460	
63	53	115	916810	
62	54	115	921581	
61	55	115	933370#	
60	56	115	941380#	
74	43	116	946480#	
73	44	116	935580#	
72	45	116	925980#	
71	46	116	917840	
70	47	116	911680	
69	48	116	907219	
68	49	116	904514	
67	50	116	902952	
66	51	116	904836	
65	52	116	908645	
64	53	116	913650	
63	54	116	920359	
62	55	116	928670	
61	56	116	938500#	
60	57	116	950070#	
75	43	117	951480#	
74	44	117	937820#	
73	45	117	930070#	
72	46	117	918980	
71	47	117	914580	
70	48	117	906915	
69	49	117	906354	
68	50	117	901603	
67	51	117	905529	
66	52	117	905828	
65	53	117	913074	
64	54	117	916179	
63	55	117	926559	
62	56	117	933040#	
61	57	117	946730#	
75	44	118	942840#	
74	45	118	932110#	
73	46	118	923110#	
72	47	118	915670	
71	48	118	909920	
70	49	118	905845	
69	50	118	903308	
68	51	118	903942	
67	52	118	906404	
66	53	118	910070	
65	54	118	915411	
64	55	118	922377	
63	56	118	930660	
62	57	118	940990#	
61	58	118	952760#	
76	44	119	945310#	
75	45	119	936410#	
74	46	119	924690	
73	47	119	918790	
72	48	119	909850	
71	49	119	907960	
70	50	119	902194	7
69	51	119	905072	
68	52	119	904020	
67	53	119	910048	
66	54	119	911784	
65	55	119	920677	
64	56	119	926040	
63	57	119	938070#	
62	58	119	946640#	
76	45	120	938720#	
75	46	120	928870#	
74	47	120	919850	
73	48	120	912980	
72	49	120	907846	
71	50	120	904235	5
70	51	120	903815	7
69	52	120	904936	
68	53	120	907367	
67	54	120	911462	
66	55	120	917229	
65	56	120	924050	
64	57	120	933010#	
63	58	120	943420#	
62	59	120	955360#	
77	45	121	943210#	
76	46	121	930550#	
75	47	121	923530#	
74	48	121	913330	
73	49	121	910280	
72	50	121	903439	0
71	51	121	905173	7
70	52	121	903043	9
69	53	121	907589	
68	54	121	908368	
67	55	121	916110	
66	56	121	919900	
65	57	121	930710#	
64	58	121	937910#	
63	59	121	951810#	
77	46	122	934930#	
76	47	122	924900#	
75	48	122	917000	
74	49	122	910438	
73	50	122	905720	8
72	51	122	904214	0
71	52	122	904270	0
70	53	122	905589	
69	54	122	908482	
68	55	122	912996	
67	56	122	918781	
66	57	122	926240#	
65	58	122	935400#	
64	59	122	945960#	
78	46	123	936880#	
77	47	123	928640#	
76	48	123	917650	
75	49	123	913180	
74	50	123	905273	9
73	51	123	905935	7
72	52	123	902817	9
71	53	123	906209	9
70	54	123	905893	0
69	55	123	912258	
68	56	123	915094	
67	57	123	924570	
66	58	123	930410#	
65	59	123	942960#	
64	60	123	952230#	
78	47	124	930430#	
77	48	124	921250	
76	49	124	913600	
75	50	124	907784	1
74	51	124	905253	8
73	52	124	904430	7
72	53	124	904630	2
71	54	124	906395	5
70	55	124	909728	
69	56	124	914473	
68	57	124	920816	
67	58	124	928440#	
66	59	124	937830#	
65	60	124	948880#	
79	47	125	934500#	
78	48	125	922350	
77	49	125	916460	
76	50	125	907653	
75	51	125	907250	
74	52	125	903311	7
73	53	125	905624	
72	54	125	904274	
71	55	125	909452	
70	56	125	911250	
69	57	125	919510	
68	58	125	923970	
67	59	125	935310#	
66	60	125	943220#	
65	61	125	957520#	
80	47	126	936770#	
79	48	126	926440	
78	49	126	917350	
77	50	126	910360	
76	51	126	906924	
75	52	126	905226	3
74	53	126	904473	
73	54	126	905184	
72	55	126	907418	
71	56	126	911094	
70	57	126	916375	
69	58	126	922730	
68	59	126	930830#	
67	60	126	940500#	
66	61	126	951630#	
81	47	127	941170#	
80	48	127	927760	
79	49	127	920170	
78	50	127	910537	
77	51	127	909169	
76	52	127	904463	1
75	53	127	905809	
74	54	127	903531	3
73	55	127	907749	
72	56	127	908318	
71	57	127	915590	
70	58	127	918910	
69	59	127	928790	
68	60	127	935390#	
67	61	127	948420#	
66	62	127	958080#	
82	47	128	943690#	
81	48	128	932150#	
80	49	128	921700	
79	50	128	913480	
78	51	128	909148	
77	52	128	906598	2
76	53	128	904988	
75	54	128	904779	4
74	55	128	906064	
73	56	128	908679	
72	57	128	912693	
71	58	128	918100	
70	59	128	925100	
69	60	128	933190#	
68	61	128	943160#	
67	62	128	954640#	
83	47	129	950450#	
82	48	129	933900	
81	49	129	924970	
80	50	129	913967	
79	51	129	911656	
78	52	129	906224	4
77	53	129	906674	
76	54	129	903508	0
75	55	129	906709	
74	56	129	906320	8
73	57	129	912369	
72	58	129	914740	
71	59	129	923590	
70	60	129	928510	
69	61	129	940450#	
68	62	129	948920#	
67	63	129	963570#	
83	48	130	940670#	
82	49	130	926850	
81	50	130	917000	
80	51	130	911982	
79	52	130	908523	9
78	53	130	906124	6
77	54	130	905082	4
76	55	130	905464	
75	56	130	906941	
74	57	130	910070	
73	58	130	914420	
72	59	130	920260	
71	60	130	927250	
70	61	130	935870#	
69	62	130	946110#	
68	63	130	957750#	
84	48	131	945550#	
83	49	131	932990	
82	50	131	917816	
81	51	131	914467	
80	52	131	908553	
79	53	131	907997	
78	54	131	904153	5
77	55	131	906434	3
76	56	131	905061	3
75	57	131	910100	
74	58	131	911460	
73	59	131	919260	
72	60	131	923321	
71	61	131	933750#	
70	62	131	940690#	
69	63	131	954370#	
84	49	132	937810#	
83	50	132	923830	
82	51	132	915252	
81	52	132	910955	
80	53	132	907797	
79	54	132	905910	7
78	55	132	905451	933
77	56	132	906007	5
76	57	132	908220	
75	58	132	911515	
74	59	132	916331	
73	60	132	922350	
72	61	132	929780	
71	62	132	938670#	
70	63	132	949240#	
85	49	133	944150#	
84	50	133	928290	
83	51	133	920380	
82	52	133	911369	
81	53	133	909744	
80	54	133	905394	5
79	55	133	906718	475
78	56	133	904508	4
77	57	133	908514	
76	58	133	908925	
75	59	133	915710	
74	60	133	918790	
73	61	133	928350	
72	62	133	933970#	
71	63	133	946510#	
70	64	133	955370#	
86	49	134	949330#	
85	50	134	934730#	
84	51	134	925170	
83	52	134	916450	
82	53	134	910048	
81	54	134	907227	
80	55	134	905977	0
79	56	134	905688	6
78	57	134	906977	
77	58	134	909151	
76	59	134	913112	
75	60	134	918181	
74	61	134	924880	
73	62	134	932520	
72	63	134	941820#	
71	64	134	952570#	
86	50	135	939340#	
85	51	135	930350#	
84	52	135	920100	
83	53	135	914650	
82	54	135	907219	
81	55	135	907311	6
80	56	135	904575	9
79	57	135	907640	
78	58	135	907172	
77	59	135	912692	
76	60	135	914976	
75	61	135	923570	
74	62	135	928276	
73	63	135	939600#	
72	64	135	947340#	
71	65	135	961380#	
87	50	136	945990#	
86	51	136	935310#	
85	52	136	925320	
84	53	136	917871	
83	54	136	911562	
82	55	136	907089	5
81	56	136	905827	4
80	57	136	906494	
79	58	136	907806	
78	59	136	910705	
77	60	136	914567	
76	61	136	920479	
75	62	136	926970	
74	63	136	935570#	
73	64	136	945020#	
72	65	136	955980#	
87	51	137	940790#	
86	52	137	929220#	
85	53	137	922350	
84	54	137	913950	
83	55	137	911017	
82	56	137	905247	2
81	57	137	907112	
80	58	137	905991	
79	59	137	910755	
78	60	137	911950	
77	61	137	919548	
76	62	137	923244	
75	63	137	933710	
74	64	137	940120#	
73	65	137	953160#	
72	66	137	962490#	
88	51	138	945980#	
87	52	138	934730#	
86	53	138	926100	
85	54	138	918793	
84	55	138	913364	
83	56	138	908841	3
82	57	138	906353	3
81	58	138	906653	
80	59	138	908938	
79	60	138	911978	
78	61	138	916804	
77	62	138	922297	
76	63	138	929792	
75	64	138	938240#	
74	65	138	948290#	
73	66	138	959540#	
88	52	139	938850#	
87	53	139	931000#	
86	54	139	921640	
85	55	139	917282	
84	56	139	910605	
83	57	139	909477	6
82	58	139	905438	7
81	59	139	909076	
80	60	139	909550	
79	61	139	916040	
78	62	139	918995	
77	63	139	928090	
76	64	139	933670	
75	65	139	945810	
74	66	139	954010#	
73	67	139	968540#	
89	52	140	944650#	
88	53	140	935030#	
87	54	140	926650	
86	55	140	920046	
85	56	140	914411	
84	57	140	910962	
83	58	140	908276	3
82	59	140	907652	8
81	60	140	909610	
80	61	140	913555	
79	62	140	918476	
78	63	140	924931	
77	64	140	932126	
76	65	140	941450	
75	66	140	951350#	
74	67	140	963100#	
90	52	141	949080#	
89	53	141	940180#	
88	54	141	929710	
87	55	141	924299	
86	56	141	916453	
85	57	141	914079	
84	58	141	909244	
83	59	141	910044	8
82	60	141	907723	3
81	61	141	912874	
80	62	141	915198	
79	63	141	923430	
78	64	141	928120	
77	65	141	938740#	
76	66	141	946370#	
75	67	141	959770#	
90	53	142	944560#	
89	54	142	935110#	
88	55	142	927352	
87	56	142	920627	
86	57	142	916063	
85	58	142	912386	
84	59	142	910816	9
83	60	142	909814	3
82	61	142	910933	
81	62	142	914628	
80	63	142	920298	
79	64	142	926750	
78	65	142	935120	
77	66	142	943830#	
76	67	142	954610#	
75	68	142	966340#	
91	53	143	949990#	
90	54	143	938510#	
89	55	143	932077	
88	56	143	922953	
87	57	143	919600	
86	58	143	913647	
85	59	143	913305	
84	60	143	910087	3
83	61	143	912591	
82	62	143	911999	
81	63	143	918817	
80	64	143	922960	
79	65	143	933050	
78	66	143	939250	
77	67	143	951480#	
76	68	143	960380#	
91	54	144	944070#	
90	55	144	935526	
89	56	144	927630	
88	57	144	921650	
87	58	144	917230	
86	59	144	914512	
85	60	144	912573	6
84	61	144	912749	
83	62	144	913410	
82	63	144	916265	
81	64	144	921709	
80	65	144	929270	
79	66	144	937430	
78	67	144	947200#	
77	68	144	957390#	
76	69	144	970070#	
92	54	145	947750#	
91	55	145	940290	
90	56	145	930220	
89	57	145	925790	
88	58	145	918760	
87	59	145	917640	
86	60	145	913116	9
85	61	145	914696	
84	62	145	913041	
83	63	145	917206	
82	64	145	918311	
81	65	145	927250	
80	66	145	932845	
79	67	145	944640#	
78	68	145	952000#	
77	69	145	966430#	
93	54	146	953560#	
92	55	146	944160	
91	56	146	934950#	
90	57	146	928240	
89	58	146	922670	
88	59	146	918996	
87	60	146	916100	4
86	61	146	915138	5
85	62	146	914897	9
84	63	146	916746	
83	64	146	919094	
82	65	146	924045	
81	66	146	931092	
80	67	146	940060	
79	68	146	949490#	
78	69	146	960960#	
93	55	147	949220	
92	56	147	937720	
91	57	147	932230	
90	58	147	924430	
89	59	147	922135	
88	60	147	916893	
87	61	147	917475	
86	62	147	914822	7
85	63	147	918086	
84	64	147	918115	
83	65	147	924272	
82	66	147	927150	
81	67	147	937720	
80	68	147	944550#	
79	69	147	957840#	
78	70	147	967420#	
94	55	148	952930#	
93	56	148	942580#	
92	57	148	934730#	
91	58	148	928400	
90	59	148	923720	
89	60	148	920149	
88	61	148	918334	
87	62	148	917184	7
86	63	148	917931	
85	64	148	919341	
84	65	148	923246	
83	66	148	927305	
82	67	148	933775	
81	68	148	942310	
80	69	148	952720#	
79	70	148	964040#	
95	55	149	958170#	
94	56	149	945680#	
93	57	149	938770#	
92	58	149	930410	
91	59	149	926673	
90	60	149	920891	
89	61	149	920984	
88	62	149	917275	5
87	63	149	919702	
86	64	149	918659	
85	65	149	923660	
84	66	149	925585	
83	67	149	933496	
82	68	149	937914	
81	69	149	949960#	
80	70	149	958420#	
79	71	149	973230#	
96	55	150	962190#	
95	56	150	950810#	
94	57	150	941720#	
93	58	150	933980	
92	59	150	928319	
91	60	150	923829	
90	61	150	921207	
89	62	150	919932	4
88	63	150	919850	2
87	64	150	920348	
86	65	150	923103	
85	66	150	926185	
84	67	150	931688	
83	68	150	937449	
82	69	150	945483	
81	70	150	955400	
80	71	150	967580#	
96	56	151	954270#	
95	57	151	946250#	
94	58	151	936540#	
93	59	151	931500	
92	60	151	924682	
91	61	151	923497	
90	62	151	919732	4
89	63	151	921744	5
88	64	151	919791	0
87	65	151	924070	
86	66	151	924718	
85	67	151	931714	
84	68	151	935050	
83	69	151	944420	
82	70	151	950290	
81	71	151	964120#	
97	56	152	959610#	
96	57	152	949620#	
95	58	152	940580#	
94	59	152	933840	
93	60	152	927698	
92	61	152	924117	
91	62	152	922097	4
90	63	152	921230	3
89	64	152	921749	5
88	65	152	923435	
87	66	152	925765	
86	67	152	930199	
85	68	152	935063	
84	69	152	942012	
83	70	152	949480#	
82	71	152	958770	
81	72	152	970690#	
97	57	153	954500#	
96	58	153	943420#	
95	59	153	937520	
94	60	153	929480	
93	61	153	926460	
92	62	153	922209	3
91	63	153	922979	2
90	64	153	920865	6
89	65	153	924680	
88	66	153	924424	
87	67	153	930602	
86	68	153	932783	
85	69	153	941568	
84	70	153	946394	
83	71	153	957520#	
82	72	153	964860#	
98	57	154	958350#	
97	58	154	948040#	
96	59	154	940120#	
95	60	154	932930#	
94	61	154	928100	
93	62	154	924640	2
92	63	154	922893	3
91	64	154	922622	0
90	65	154	923505	
89	66	154	925754	
88	67	154	929103	
87	68	154	933209	
86	69	154	939199	
85	70	154	945782	
84	71	154	954316	
83	72	154	963390#	
82	73	154	974590#	
98	58	155	951260#	
97	59	155	944270#	
96	60	155	935020	
95	61	155	931060	
94	62	155	925528	
93	63	155	924752	
92	64	155	922122	7
91	65	155	924747	
90	66	155	924283	
89	67	155	929840	
88	68	155	931065	
87	69	155	938980	
86	70	155	942818	
85	71	155	953030	
84	72	155	959360	
83	73	155	972300#	
99	58	156	956340#	
98	59	156	947430#	
97	60	156	939030#	
96	61	156	933040	
95	62	156	928360	
94	63	156	925424	
93	64	156	923960	1
92	65	156	924024	6
91	66	156	925466	
90	67	156	928256	
89	68	156	931920	
88	69	156	936970	
87	70	156	942628	
86	71	156	950098	
85	72	156	958400#	
84	73	156	968190	
99	59	157	951980#	
98	60	157	941600#	
97	61	157	936560	
96	62	157	929990	
95	63	157	927850	
94	64	157	924103	9
93	65	157	925413	1
92	66	157	924409	
91	67	157	928941	
90	68	157	929893	
89	69	157	936980	
88	70	157	939866	
87	71	157	949313	
86	72	157	954799	
85	73	157	966700#	
84	74	157	974560#	
100	59	158	955500#	
99	60	158	946090#	
98	61	158	938970#	
97	62	158	933210	
96	63	158	929089	
95	64	158	926388	7
94	65	158	925346	8
93	66	158	925739	2
92	67	158	927712	
91	68	158	930684	
90	69	158	934980	
89	70	158	940050	
88	71	158	946630	
87	72	158	953995	
86	73	158	963018	
85	74	158	972920#	
100	60	159	949090#	
99	61	159	942990#	
98	62	159	935140#	
97	63	159	931970#	
96	64	159	927054	1
95	65	159	927167	6
94	66	159	925197	5
93	67	159	928729	
92	68	159	929083	
91	69	159	935260	
90	70	159	937552	
89	71	159	946030	
88	72	159	950684	
87	73	159	961490	
86	74	159	968480	
85	75	159	982120#	
101	60	160	953880#	
100	61	160	945860#	
99	62	160	938830#	
98	63	160	933680#	
97	64	160	929669	2
96	65	160	927569	9
95	66	160	926933	4
94	67	160	927855	
93	68	160	929995	
92	69	160	933550	
91	70	160	937902	
90	71	160	943570	
89	72	160	950275	
88	73	160	958420#	
87	74	160	967360#	
86	75	160	977590	
101	61	161	950290#	
100	62	161	941220#	
99	63	161	937040#	
98	64	161	930985	
97	65	161	929490	
96	66	161	926798	4
95	67	161	929096	
94	68	161	928778	
93	69	161	933995	
92	70	161	935768	
91	71	161	943280	
90	72	161	947210	
89	73	161	957290	
88	74	161	963497	
87	75	161	976000#	
86	76	161	984430#	
102	61	162	953680#	
101	62	162	945360#	
100	63	162	939210#	
99	64	162	933990#	
98	65	162	930648	
97	66	162	928731	2
96	67	162	928733	9
95	68	162	930033	
94	69	162	932651	
93	70	162	936334	
92	71	162	941180	
91	72	162	947090	
90	73	162	954330	
89	74	162	962520	
88	75	162	972081	
87	76	162	982690#	
102	62	163	948280#	
101	63	163	942990#	
100	64	163	935860#	
99	65	163	933350	
98	66	163	929174	8
97	67	163	930233	5
96	68	163	929200	
95	69	163	933560	
94	70	163	934489	
93	71	163	941340	
92	72	163	944367	
91	73	163	953530	
90	74	163	958954	
89	75	163	970320#	
88	76	163	978040	
87	77	163	992200#	
103	62	164	952980#	
102	63	164	945720#	
101	64	164	939380#	
100	65	164	934880#	
99	66	164	931703	3
98	67	164	930322	1
97	68	164	930726	
96	69	164	932435	
95	70	164	935280	
94	71	164	939407	
93	72	164	944570	
92	73	164	950773	
91	74	164	958280	
90	75	164	967089	
89	76	164	976760#	
88	77	164	987520#	
103	63	165	949970#	
102	64	165	941600#	
101	65	165	937990	
100	66	165	932806	7
99	67	165	932284	2
98	68	165	930293	1
97	69	165	933554	
96	70	165	933882	
95	71	165	939860	
94	72	165	942180	
93	73	165	950510	
92	74	165	955027	
91	75	165	965810#	
90	76	165	972691	
89	77	165	985820#	
88	78	165	994860#	
104	63	166	953210#	
103	64	166	945570#	
102	65	166	940050#	
101	66	166	935660	
100	67	166	933133	
99	68	166	932048	2
98	69	166	932851	6
97	70	166	934950	
96	71	166	938270	
95	72	166	942600	
94	73	166	948090	
93	74	166	954816	
92	75	166	962600#	
91	76	166	971550	
90	77	166	981665	
89	78	166	992980#	
104	64	167	948360#	
103	65	167	943640#	
102	66	167	937130	
101	67	167	935520	
100	68	167	932370	2
99	69	167	934173	
98	70	167	933897	
97	71	167	938740	
96	72	167	940570	
95	73	167	948050	
94	74	167	951808	
93	75	167	961570	
92	76	167	967804	
91	77	167	979880#	
90	78	167	988150	
105	64	168	952870#	
104	65	168	946220#	
103	66	168	940310	
102	67	168	936872	
101	68	168	934590	4
100	69	168	934213	3
99	70	168	935190	
98	71	168	937651	
97	72	168	941260	
96	73	168	946010	
95	74	168	951779	
94	75	168	958790	
93	76	168	967019	
92	77	168	976295	
91	78	168	986720#	
90	79	168	998080#	
105	65	169	950250#	
104	66	169	942390#	
103	67	169	939620	
102	68	169	935464	3
101	69	169	935801	4
100	70	169	934761	8
99	71	169	938475	
98	72	169	939610	
97	73	169	946180	
96	74	169	949228	
95	75	169	958220	
94	76	169	963577	
93	77	169	974970#	
92	78	169	982495	
91	79	169	996120#	
106	65	170	953300#	
105	66	170	946200#	
104	67	170	941470	
103	68	170	938029	8
102	69	170	936429	4
101	70	170	936325	8
100	71	170	937913	1
99	72	170	940490	
98	73	170	944480	
97	74	170	949450	
96	75	170	955720	
95	76	170	963185	
94	77	170	971630	
93	78	170	981240	
92	79	170	991879	
91	80	171	003760#	
106	66	171	948760#	
105	67	171	944820#	
104	68	171	939356	
103	69	171	938400	
102	70	171	936381	5
101	71	171	939086	
100	72	171	939448	
99	73	171	944900	
98	74	171	947290	
97	75	171	955420	
96	76	171	960023	
95	77	171	970460#	
94	78	171	977347	
93	79	171	990040#	
92	80	171	998830	
107	66	172	953000#	
106	67	172	947290#	
105	68	172	942400#	
104	69	172	939604	
103	70	172	938210	8
102	71	172	938930	6
101	72	172	940510	
100	73	172	943750	
99	74	172	947690	
98	75	172	953240	
97	76	172	959808	
96	77	172	967502	
95	78	172	976440	
94	79	172	986237	
93	80	172	997240#	
107	67	173	951150#	
106	68	173	944230#	
105	69	173	942170	
104	70	173	938862	1
103	71	173	940337	5
102	72	173	940046	
101	73	173	944450	
100	74	173	946080	
99	75	173	953120	
98	76	173	957062	
97	77	173	966861	
96	78	173	972819	
95	79	173	984760#	
94	80	173	992864	
108	67	174	954050#	
107	68	174	947770#	
106	69	174	943840	
105	70	174	941276	5
104	71	174	940771	8
103	72	174	941509	
102	73	174	943740	
101	74	174	946720	
100	75	174	951380	
99	76	174	956946	
98	77	174	964113	
97	78	174	972421	
96	79	174	981270	
95	80	174	991420	
108	68	175	950080#	
107	69	175	946990	
106	70	175	942571	7
105	71	175	942686	3
104	72	175	941408	6
103	73	175	944860	
102	74	175	945630	
101	75	175	951620	
100	76	175	954810	
99	77	175	963649	
98	78	175	968945	
97	79	175	980100#	
96	80	175	987355	
95	81	176	000590#	
109	68	176	954050#	
108	69	176	949040#	
107	70	176	945260	8
106	71	176	943758	1
105	72	176	943220	7
104	73	176	944472	
103	74	176	946640	
102	75	176	950330	
101	76	176	954965	
100	77	176	961302	
99	78	176	968469	
98	79	176	976865	
97	80	176	986280	
96	81	176	996427	
109	69	177	952640#	
108	70	177	946647	
107	71	177	945955	
106	72	177	943698	8
105	73	177	945778	
104	74	177	945876	
103	75	177	950990	
102	76	177	953251	
101	77	177	961082	
100	78	177	965649	
99	79	177	976030	
98	80	177	982483	
97	81	177	994900#	
96	82	178	003830	
110	69	178	955340#	
109	70	178	950170#	
108	71	178	947327	
107	72	178	945816	1
106	73	178	945929	5
105	74	178	947070	
104	75	178	949988	
103	76	178	953816	
102	77	178	959122	
101	78	178	965363	
100	79	178	973213	
99	80	178	981834	
98	81	178	991090	
97	82	179	002150#	
110	70	179	952330#	
109	71	179	949880	
108	72	179	946550	0
107	73	179	947464	8
106	74	179	946704	
105	75	179	950789	
104	76	179	952379	
103	77	179	959229	
102	78	179	963031	
101	79	179	972521	
100	80	179	978266	
99	81	179	989910#	
98	82	179	997918	
111	70	180	956150#	
110	71	180	951970#	
109	72	180	949101	2
108	73	180	947995	8
107	74	180	948197	
106	75	180	950068	
105	76	180	953240	
104	77	180	957625	
103	78	180	963097	
102	79	180	970079	
101	80	180	977819	
100	81	180	986257	
99	82	180	996620	
111	71	181	955040#	
110	72	181	950554	
109	73	181	950151	8
108	74	181	948204	2
107	75	181	951210	
106	76	181	952110	
105	77	181	958076	
104	78	181	961171	
103	79	181	969618	
102	80	181	974690	
101	81	181	985670	
100	82	181	992672	
112	71	182	957570#	
111	72	182	953530	
110	73	182	951372	6
109	74	182	950223	0
108	75	182	950820	
107	76	182	953130	
106	77	182	956846	
105	78	182	961597	
104	79	182	967593	
103	80	182	974450	
102	81	182	982193	
101	82	182	991870	
113	71	183	960910#	
112	72	183	955450	
111	73	183	954008	
110	74	183	950931	2
109	75	183	952521	
108	76	183	952489	1
107	77	183	957480	
106	78	183	959922	
105	79	183	967452	
104	80	183	971713	
103	81	183	981870	
102	82	183	988142	
101	83	184	001120#	
113	72	184	958820#	
112	73	184	955559	
111	74	184	953419	3
110	75	184	952955	0
109	76	184	954042	3
108	77	184	956700	
107	78	184	960620	
106	79	184	965789	
105	80	184	971899	
104	81	184	978790	
103	82	184	987610	
102	83	184	997630#	
114	72	185	960890#	
113	73	185	958550	
112	74	185	954364	1
111	75	185	954986	1
110	76	185	953838	2
109	77	185	957946	
108	78	185	959351	
107	79	185	965953	
106	80	185	969362	
105	81	185	978330	
104	82	185	984239	
103	83	185	996600	
115	72	186	964590#	
114	73	186	960530#	
113	74	186	957160	5
112	75	186	955753	1
111	76	186	955750	5
110	77	186	957363	
109	78	186	960590	
108	79	186	964568	
107	80	186	969814	
106	81	186	975906	
105	82	186	983918	
104	83	186	993158	
116	72	187	966850#	
115	73	187	963700#	
114	74	187	958489	
113	75	187	958114	4
112	76	187	955838	2
111	77	187	958853	
110	78	187	959395	
109	79	187	965324	
108	80	187	967577	
107	81	187	976010	
106	82	187	980874	
105	83	187	992270	
104	84	187	999422	
116	73	188	965830#	
115	74	188	961910	
114	75	188	959229	
113	76	188	958147	5
112	77	188	958719	
111	78	188	960834	
110	79	188	963948	
109	80	188	968190	
108	81	188	973588	
107	82	188	980810	
106	83	188	989200	
105	84	188	998481	
117	73	189	969230#	
116	74	189	963180	
115	75	189	961820	
114	76	189	958447	0
113	77	189	960546	0
112	78	189	959932	
111	79	189	964700	
110	80	189	966322	
109	81	189	973880	
108	82	189	978082	
107	83	189	988300	
106	84	189	995101	
117	74	190	966600#	
116	75	190	963125	
115	76	190	960929	7
114	77	190	960594	0
113	78	190	961677	
112	79	190	963700	
111	80	190	967157	
110	81	190	971786	
109	82	190	978270	
108	83	190	985786	
107	84	190	994574	
118	74	191	968170#	
117	75	191	965960#	
116	76	191	961480	7
115	77	191	962605	0
114	78	191	961038	0
113	79	191	964813	
112	80	191	965634	
111	81	191	972230	
110	82	191	975785	
109	83	191	985460	
108	84	191	991335	
118	75	192	967470#	
117	76	192	964151	6
116	77	192	962926	4
115	78	192	962987	4
114	79	192	964150	
113	80	192	966665	
112	81	192	970670	
111	82	192	976170	
110	83	192	982960	
109	84	192	991030	
108	85	192	999840	
119	75	193	970420#	
118	76	193	965182	1
117	77	193	965078	4
116	78	193	962680	3
115	79	193	965365	
114	80	193	965439	
113	81	193	971200	
112	82	193	974012	
111	83	193	982830	
110	84	193	988186	
109	85	193	998730	
119	76	194	968130	
118	77	194	965979	6
117	78	194	964791	1
116	79	194	965034	6
115	80	194	966720	
114	81	194	969774	
113	82	194	974542	
112	83	194	980651	
111	84	194	988110	
110	85	194	996268	
109	86	195	005440	
120	76	195	969640	
119	77	195	968400	
118	78	195	964951	5
117	79	195	966570	
116	80	195	965833	
115	81	195	970481	
114	82	195	972774	
113	83	195	980667	
112	84	195	985535	
111	85	195	995790	
110	86	196	002115	
120	77	196	969653	
119	78	196	967340	2
118	79	196	966568	7
117	80	196	967213	
116	81	196	969575	
115	82	196	973431	
114	83	196	978864	
113	84	196	985660	
112	85	196	993190	
111	86	197	001580	
121	77	197	972280#	
120	78	197	967893	
119	79	197	968242	3
118	80	197	966769	0
117	81	197	970480	
116	82	197	972034	
115	83	197	979210	
114	84	197	983389	
113	85	197	992840	
112	86	197	998679	
122	77	198	973800	
121	78	198	970593	
120	79	198	968765	2
119	80	198	968279	9
118	81	198	969880	
117	82	198	972917	
116	83	198	977672	
115	84	198	983666	
114	85	198	990530	
113	86	198	998370	
112	87	199	007260	
122	78	199	971441	
121	79	199	970730	
120	80	199	968326	0
119	81	199	970963	
118	82	199	971827	
117	83	199	978132	
116	84	199	981799	
115	85	199	990351	
114	86	199	995699	
113	87	200	006570	
123	78	200	974510	
122	79	200	971657	
121	80	200	970302	3
120	81	200	970819	
119	82	200	972885	
118	83	200	977009	
117	84	200	982260	
116	85	200	988417	
115	86	200	995630	
114	87	201	003860	
124	78	201	975740#	
123	79	201	973810	
122	80	201	970643	0
121	81	201	972106	
120	82	201	972159	
119	83	201	977742	
118	84	201	980758	
117	85	201	988630	
116	86	201	993263	
115	87	202	003370	
114	88	202	009890	
124	79	202	975155	
123	80	202	972872	5
122	81	202	972344	2
121	82	202	973391	
120	83	202	976876	
119	84	202	981420	
118	85	202	986942	
117	86	202	993387	
116	87	203	000925	
115	88	203	009270	
125	79	203	977720#	
124	80	203	973493	9
123	81	203	973863	5
122	82	203	973043	6
121	83	203	977813	
120	84	203	980318	
119	85	203	987251	
118	86	203	991429	
117	87	204	000653	
116	88	204	006500	
126	79	204	979870#	
125	80	204	976073	
124	81	204	974427	5
123	82	204	974481	8
122	83	204	977389	
121	84	204	981203	
120	85	204	986074	
119	86	204	991720	
118	87	204	998594	
117	88	205	006270	
126	80	205	977514	
125	81	205	976110	3
124	82	205	974465	3
123	83	205	978499	
122	84	205	980481	
121	85	205	986667	
120	86	205	990214	
119	87	205	998670	
118	88	206	003827	
117	89	206	014500	
127	80	206	982590	
126	81	206	977419	
125	82	206	975896	9
124	83	206	978470	7
123	84	206	981593	
122	85	206	985784	
121	86	206	990734	
120	87	206	996950	
119	88	207	003800	
118	89	207	011950	
128	80	207	985940#	
127	81	207	982018	7
126	82	207	976652	1
125	83	207	979742	2
124	84	207	981245	7
123	85	207	986590	
122	86	207	989642	
121	87	207	997140	
120	88	208	001840	
119	89	208	011550	
129	80	208	991040#	
128	81	208	985359	
127	82	208	981090	1
126	83	208	980398	7
125	84	208	982430	4
124	85	208	986173	
123	86	208	990415	
122	87	208	995954	
121	88	209	001990	
120	89	209	009490	
119	90	209	017720	
130	80	209	994510#	
129	81	209	990074	
128	82	209	984188	5
127	83	209	984120	4
126	84	209	982873	7
125	85	209	987148	
124	86	209	989696	
123	87	209	996408	
122	88	210	000495	
121	89	210	009440	
120	90	210	015075	
130	81	210	993480#	
129	82	210	988737	0
128	83	210	987269	
127	84	210	986653	2
126	85	210	987496	3
125	86	210	990601	
124	87	210	995537	
123	88	211	000898	
122	89	211	007730	
121	90	211	014930	
131	81	211	998230#	
130	82	211	991897	5
129	83	211	991285	7
128	84	211	988868	0
127	85	211	990745	
126	86	211	990704	
125	87	211	996202	
124	88	211	999794	
123	89	212	007810	
122	90	212	012980	
121	91	212	023200	
131	82	212	996581	
130	83	212	994385	
129	84	212	992857	
128	85	212	992937	
127	86	212	993883	
126	87	212	996189	
125	88	213	000384	
124	89	213	006610	
123	90	213	013010	
122	91	213	021110	
132	82	213	999805	4
131	83	213	998712	
130	84	213	995201	4
129	85	213	996372	
128	86	213	995363	
127	87	213	998971	
126	88	214	000108	
125	89	214	006902	
124	90	214	011500	
123	91	214	020920	
133	82	215	004810#	
132	83	215	001770	
131	84	214	999420	0
130	85	214	998653	
129	86	214	998745	
128	87	215	000341	
127	88	215	002720	
126	89	215	006454	
125	90	215	011730	
124	91	215	019190	
133	83	216	006306	
132	84	216	001915	0
131	85	216	002423	
130	86	216	000274	
129	87	216	003198	
128	88	216	003533	
127	89	216	008720	
126	90	216	011062	
125	91	216	019110	
134	83	217	009470#	
133	84	217	006335	
132	85	217	004719	
131	86	217	003928	
130	87	217	004632	
129	88	217	006320	
128	89	217	009347	
127	90	217	013114	
126	91	217	018320	
125	92	217	024370	
135	83	218	014320#	
134	84	218	008973	0
133	85	218	008694	
132	86	218	005601	3
131	87	218	007578	
130	88	218	007140	
129	89	218	011640	
128	90	218	013284	
127	91	218	020042	
126	92	218	023540	
135	84	219	013740#	
134	85	219	011162	
133	86	219	009480	2
132	87	219	009252	
131	88	219	010085	
130	89	219	012420	
129	90	219	015540	
128	91	219	019880	
127	92	219	024920	
136	84	220	016600#	
135	85	220	015410	
134	86	220	011394	0
133	87	220	012327	
132	88	220	011028	
131	89	220	014763	
130	90	220	015748	
129	91	220	021880	
128	92	220	024720#	
136	85	221	018050#	
135	86	221	015537	
134	87	221	014255	
133	88	221	013917	
132	89	221	015590	
131	90	221	018184	
130	91	221	021880	
129	92	221	026400#	
137	85	222	022330#	
136	86	222	017577	7
135	87	222	017552	
134	88	222	015375	
133	89	222	017844	
132	90	222	018468	
131	91	222	023740#	
130	92	222	026090#	
138	85	223	025190#	
137	86	223	021790#	
136	87	223	019735	9
135	88	223	018502	2
134	89	223	019137	
133	90	223	020811	
132	91	223	023960	
131	92	223	027740	
138	86	224	024090#	
137	87	224	023250	
136	88	224	020211	8
135	89	224	021723	
134	90	224	021467	
133	91	224	025626	
132	92	224	027605	
139	86	225	028440#	
138	87	225	025570	
137	88	225	023612	
136	89	225	023230	
135	90	225	023951	
134	91	225	026130	
133	92	225	029391	
132	93	225	033910	
140	86	226	030890#	
139	87	226	029390	
138	88	226	025409	8
137	89	226	026098	
136	90	226	024903	
135	91	226	027948	
134	92	226	029339	
133	93	226	035150#	
141	86	227	035410#	
140	87	227	031840	
139	88	227	029177	8
138	89	227	027752	1
137	90	227	027704	1
136	91	227	028805	
135	92	227	031156	
134	93	227	034960	
142	86	228	037990#	
141	87	228	035730#	
140	88	228	031070	3
139	89	228	031021	1
138	90	228	028741	1
137	91	228	031051	
136	92	228	031374	
135	93	228	036180#	
134	94	228	038740	
142	87	229	038450	
141	88	229	034958	
140	89	229	033020	
139	90	229	031762	
138	91	229	032096	8
137	92	229	033506	
136	93	229	036260	
135	94	229	040150	
143	87	230	042510#	
142	88	230	037056	
141	89	230	036290	
140	90	230	033133	8
139	91	230	034541	
138	92	230	033940	
137	93	230	037830	
136	94	230	039650	
144	87	231	045440#	
143	88	231	041220#	
142	89	231	038560	
141	90	231	036304	3
140	91	231	035884	0
139	92	231	036294	
138	93	231	038250	
137	94	231	041101	
136	95	231	045560#	
145	87	232	049770#	
144	88	232	043640#	
143	89	232	042030	
142	90	232	038055	3
141	91	232	038592	
140	92	232	037156	2
139	93	232	040110#	
138	94	232	041187	
137	95	232	046590#	
145	88	233	048060#	
144	89	233	044550#	
143	90	233	041581	8
142	91	233	040247	3
141	92	233	039635	2
140	93	233	040740	
139	94	233	043000	
138	95	233	046350#	
137	96	233	050770	
146	88	234	050700#	
145	89	234	048420#	
144	90	234	043601	
143	91	234	043308	
142	92	234	040952	1
141	93	234	042895	
140	94	234	043317	
139	95	234	047810#	
138	96	234	050160	
146	89	235	051230#	
145	90	235	047510	
144	91	235	045440	
143	92	235	043929	9
142	93	235	044063	3
141	94	235	045286	
140	95	235	047950#	
139	96	235	051430#	
138	97	235	056580#	
147	89	236	055300#	
146	90	236	049870#	
145	91	236	048680	
144	92	236	045568	0
143	93	236	046570	
142	94	236	046058	0
141	95	236	049580#	
140	96	236	051410#	
139	97	236	057330#	
147	90	237	053890#	
146	91	237	051150	
145	92	237	048730	2
144	93	237	048173	4
143	94	237	048409	7
142	95	237	050000#	
141	96	237	052900#	
140	97	237	057000#	
139	98	237	062070#	
148	90	238	056500#	
147	91	238	054500	
146	92	238	050788	2
145	93	238	050946	4
144	94	238	049559	9
143	95	238	051980	
142	96	238	053030	
141	97	238	058280#	
140	98	238	061410#	
148	91	239	057260#	
147	92	239	054293	3
146	93	239	052939	0
145	94	239	052163	4
144	95	239	053024	5
143	96	239	054960#	
142	97	239	058280#	
141	98	239	062420#	
149	91	240	060980#	
148	92	240	056592	
147	93	240	056162	
146	94	240	053813	5
145	95	240	055300	
144	96	240	055529	5
143	97	240	059760#	
142	98	240	062300#	
141	99	240	068920#	
149	92	241	060330#	
148	93	241	058250	
147	94	241	056851	5
146	95	241	056829	1
145	96	241	057653	0
144	97	241	060230#	
143	98	241	063730#	
142	99	241	068540#	
150	92	242	062930#	
149	93	242	061640	
148	94	242	058742	6
147	95	242	059549	2
146	96	242	058835	8
145	97	242	061980#	
144	98	242	063700	
143	99	242	069750#	
142	100	242	073430#	
150	93	243	064280#	
149	94	243	062003	
148	95	243	061381	1
147	96	243	061389	1
146	97	243	063008	
145	98	243	065430#	
144	99	243	069550#	
143	100	243	074350#	
151	93	244	067850#	
150	94	244	064204	
149	95	244	064284	8
148	96	244	062752	6
147	97	244	065181	
146	98	244	066001	
145	99	244	070880#	
144	100	244	074080#	
151	94	245	067747	
150	95	245	066452	
149	96	245	065491	2
148	97	245	066361	6
147	98	245	068049	
146	99	245	071320#	
145	100	245	075390#	
144	101	245	080830#	
152	94	246	070205	
151	95	246	069775	
150	96	246	067223	7
149	97	246	068670	
148	98	246	068805	3
147	99	246	072900#	
146	100	246	075300	
145	101	246	081890#	
153	94	247	074070#	
152	95	247	072090#	
151	96	247	070354	
150	97	247	070307	
149	98	247	071001	
148	99	247	073660#	
147	100	247	076850#	
146	101	247	081640#	
153	95	248	075750#	
152	96	248	072349	
151	97	248	073090#	
150	98	248	072185	
149	99	248	075470#	
148	100	248	077195	
147	101	248	082820#	
146	102	248	086600#	
154	95	249	078480#	
153	96	249	075953	
152	97	249	074986	7
151	98	249	074853	5
150	99	249	076410#	
149	100	249	079030#	
148	101	249	083010#	
147	102	249	087830#	
154	96	250	078357	
153	97	250	078317	
152	98	250	076406	1
151	99	250	078610#	
150	100	250	079521	
149	101	250	084420#	
148	102	250	087510#	
155	96	251	082285	
154	97	251	080760	
153	98	251	079587	
152	99	251	079992	
151	100	251	081575	
150	101	251	084840#	
149	102	251	089010#	
148	103	251	094360#	
156	96	252	084870#	
155	97	252	084310#	
154	98	252	081626	
153	99	252	082980	
152	100	252	082467	
151	101	252	086560#	
150	102	252	088977	
149	103	252	095370#	
156	97	253	086880#	
155	98	253	085133	
154	99	253	084824	7
153	100	253	085185	
152	101	253	087280#	
151	102	253	090680#	
150	103	253	095210#	
149	104	253	100690#	
157	97	254	090600#	
156	98	254	087323	
155	99	254	088022	
154	100	254	086854	2
153	101	254	089660#	
152	102	254	090955	
151	103	254	096450#	
150	104	254	100180#	
157	98	255	091050#	
156	99	255	090273	
155	100	255	089962	
154	101	255	091083	
153	102	255	093241	
152	103	255	096680#	
151	104	255	101340#	
150	105	255	107400#	
158	98	256	093440#	
157	99	256	093600#	
156	100	256	091773	
155	101	256	094060	
154	102	256	094283	
153	103	256	098630#	
152	104	256	101166	
151	105	256	108130#	
158	99	257	095980#	
157	100	257	095105	
156	101	257	095541	
155	102	257	096877	
154	103	257	099560#	
153	104	257	102990#	
152	105	257	107720#	
159	99	258	099520#	
158	100	258	097080#	
157	101	258	098431	
156	102	258	098210#	
155	103	258	101810#	
154	104	258	103490#	
153	105	258	109230#	
152	106	258	113170#	
159	100	259	100600#	
158	101	259	100510#	
157	102	259	101030#	
156	103	259	102900#	
155	104	259	105640#	
154	105	259	109610#	
153	106	259	114500#	
160	100	260	102680#	
159	101	260	103650#	
158	102	260	102640#	
157	103	260	105500#	
156	104	260	106440#	
155	105	260	111300#	
154	106	260	114420	
153	107	260	121970#	
160	101	261	105720#	
159	102	261	105750#	
158	103	261	106880#	
157	104	261	108770	
156	105	261	112060#	
155	106	261	116120#	
154	107	261	121660#	
161	101	262	108870#	
160	102	262	107300#	
159	103	262	109630#	
158	104	262	109930#	
157	105	262	114080#	
156	106	262	116400#	
155	107	262	122890#	
161	102	263	110550#	
160	103	263	111290#	
159	104	263	112550#	
158	105	263	114990#	
157	106	263	118320#	
156	107	263	123040#	
155	108	263	128560#	
162	102	264	112350#	
161	103	264	114040#	
160	104	264	113990#	
159	105	264	117400#	
158	106	264	118930#	
157	107	264	124600#	
156	108	264	128390	
162	103	265	115840#	
161	104	265	116700#	
160	105	265	118600#	
159	106	265	121110	
158	107	265	125150#	
157	108	265	130090#	
156	109	265	136150#	
163	103	266	119310#	
162	104	266	117960#	
161	105	266	121030#	
160	106	266	122070#	
159	107	266	126940#	
158	108	266	130100#	
157	109	266	137300#	
163	104	267	121530#	
162	105	267	122380#	
161	106	267	124430#	
160	107	267	127650#	
159	108	267	131790#	
158	109	267	137310#	
157	110	267	144340#	
164	104	268	123640#	
163	105	268	125450#	
162	106	268	125610#	
161	107	268	129760#	
160	108	268	132160#	
159	109	268	138730#	
158	110	268	143800#	
164	105	269	127460#	
163	106	269	128760#	
162	107	269	130690#	
161	108	269	134060#	
160	109	269	139060#	
159	110	269	145120#	
165	105	270	130710#	
164	106	270	130330#	
163	107	270	133620#	
162	108	270	134650#	
161	109	270	140660#	
160	110	270	144720#	
165	106	271	133470#	
164	107	271	135180#	
163	108	271	137660#	
162	109	271	141140#	
161	110	271	146060#	
166	106	272	135160#	
165	107	272	138030#	
164	108	272	139050#	
163	109	272	143740#	
162	110	272	146320#	
161	111	272	153620#	
167	106	273	138220#	
166	107	273	139620#	
165	108	273	141990#	
164	109	273	144910#	
163	110	273	148860#	
162	111	273	153680#	
167	107	274	142440#	
166	108	274	143130#	
165	109	274	147490#	
164	110	274	149490#	
163	111	274	155710#	
168	107	275	144250#	
167	108	275	145950#	
166	109	275	148650#	
165	110	275	152180#	
164	111	275	156140#	
168	108	276	147210#	
167	109	276	151160#	
166	110	276	153030#	
165	111	276	158490#	
169	108	277	149840#	
168	109	277	152420#	
167	110	277	155650#	
166	111	277	159520#	
165	112	277	163940#	
169	109	278	154810#	
168	110	278	156470#	
167	111	278	161600#	
166	112	278	164310#	
170	109	279	156190#	
169	110	279	158860#	
168	111	279	162470#	
167	112	279	166550#	
170	110	280	159800#	
169	111	280	164470#	
168	112	280	167040#	
171	110	281	162060#	
170	111	281	165370#	
169	112	281	169290#	
171	111	282	167490#	
170	112	282	169770#	
172	111	283	168420#	
171	112	283	171790#	
170	113	283	176450#	
172	112	284	172380#	
171	113	284	178080#	
173	112	285	174110#	
172	113	285	178730#	
171	114	285	183700#	
173	113	286	180480#	
172	114	286	183860#	
174	113	287	181050#	
173	114	287	185600#	
172	115	287	191190#	
174	114	288	185690#	
173	115	288	192490#	
175	114	289	187280#	
174	115	289	192720#	
173	116	289	198860#	
175	115	290	194140#	
174	116	290	198590#	
176	115	291	194380#	
175	116	291	200010#	
174	117	291	206560#	
176	116	292	199790#	
175	117	292	207550#	
175	118	293	214670#	